80
81
82
83
84
85
86
87
88
89
90
111
443
514#HP-Printer-syslog
515#ipd-printing
631#ipp-printing
801
873
881
1900
2049
2601
2604
3128
3910#ws-printing
4440
4848
5001
5275
6379
7001
7002
7003
7005
7008
7033
7080
7090
7574#solr
7778
7901
8000
8001
8002
8003
8004
8005
8006
8007
8008
8009
8010
8011
8020
8080
8081
8082
8083
8084
8085
8086
8087
8088
8089
8090
8199
8443
8886
8888
8983#solr
9000
9043
9060
9080
9090
9200#elastic search
9312#sphinx
9437
9440
9956
11211
16082
16907
18100
20000
27017
28017
41080
50000